0.000	inf	inf	inf	inf	inf	inf	inf	inf	inf	inf	inf	inf	inf	inf	inf	inf	inf	inf	inf	inf	inf	inf	inf	inf	inf	inf	inf	inf	inf	inf	inf	inf	inf	inf	inf	inf	inf	inf	inf	inf	inf	inf	inf	inf	inf	inf	inf	inf	inf	inf	inf	inf	inf	inf	inf	inf	inf	inf	inf	inf	inf	inf	inf	inf	inf	inf	inf	inf	inf	inf	inf	inf	inf	inf	inf	inf	inf	inf	inf	inf	inf	inf	inf	inf	inf	inf	inf	inf	inf	inf	inf	inf	inf	inf	inf	inf	inf	inf	inf	inf
inf	0.000	0.063	0.190	0.379	0.630	0.942	1.314	1.744	2.230	2.771	3.364	4.006	4.697	5.431	6.207	7.022	7.872	8.753	9.663	10.597	11.552	12.524	13.508	14.502	15.501	16.501	17.498	18.488	19.466	20.430	21.375	22.298	23.194	24.060	24.892	25.688	26.444	27.156	27.823	28.441	29.008	29.522	29.980	30.381	30.723	31.005	31.225	31.383	31.478	31.510	31.542	31.637	31.795	32.015	32.297	32.639	33.040	33.498	34.012	34.579	35.197	35.864	36.576	37.332	38.128	38.960	39.827	40.722	41.645	42.590	43.554	44.532	45.522	46.519	47.519	48.518	49.512	50.497	51.468	52.423	53.357	54.267	55.149	55.998	56.813	57.589	58.324	59.014	59.656	60.249	60.790	61.276	61.706	62.078	62.390	62.641	62.830	62.957	63.020	inf
inf	0.063	0.000	0.063	0.189	0.377	0.625	0.934	1.300	1.723	2.200	2.729	3.309	3.935	4.607	5.319	6.070	6.857	7.675	8.521	9.392	10.283	11.192	12.113	13.043	13.979	14.915	15.849	16.775	17.691	18.591	19.472	20.331	21.164	21.967	22.736	23.468	24.160	24.810	25.413	25.968	26.471	26.922	27.316	27.654	27.933	28.151	28.308	28.402	28.434	28.466	28.561	28.719	28.941	29.224	29.570	29.975	30.439	30.961	31.538	32.169	32.850	33.580	34.357	35.176	36.035	36.931	37.860	38.820	39.806	40.814	41.841	42.883	43.937	44.997	46.060	47.123	48.180	49.228	50.263	51.282	52.279	53.252	54.197	55.110	55.988	56.828	57.626	58.379	59.086	59.742	60.346	60.896	61.389	61.824	62.199	62.514	62.767	62.957	63.083	inf
inf	0.190	0.063	0.000	0.063	0.187	0.373	0.618	0.921	1.281	1.695	2.161	2.677	3.241	3.849	4.498	5.186	5.909	6.664	7.447	8.255	9.083	9.928	10.786	11.654	12.526	13.399	14.270	15.133	15.985	16.822	17.641	18.436	19.206	19.945	20.651	21.320	21.950	22.536	23.076	23.567	24.008	24.395	24.727	25.001	25.216	25.371	25.465	25.497	25.528	25.623	25.781	26.003	26.288	26.634	27.043	27.511	28.039	28.624	29.264	29.958	30.702	31.496	32.335	33.217	34.140	35.099	36.092	37.114	38.163	39.235	40.325	41.430	42.547	43.670	44.797	45.922	47.043	48.154	49.252	50.334	51.395	52.431	53.439	54.415	55.356	56.259	57.120	57.937	58.706	59.426	60.093	60.706	61.262	61.761	62.199	62.577	62.830	63.020	63.147	inf
inf	0.379	0.189	0.063	0.000	0.062	0.185	0.367	0.608	0.905	1.256	1.660	2.113	2.614	3.159	3.746	4.372	5.032	5.724	6.445	7.190	7.955	8.738	9.533	10.338	11.147	11.958	12.766	13.566	14.356	15.130	15.886	16.619	17.326	18.003	18.646	19.253	19.819	20.343	20.820	21.249	21.627	21.951	22.220	22.432	22.585	22.677	22.708	22.739	22.834	22.991	23.212	23.496	23.844	24.253	24.724	25.256	25.846	26.493	27.196	27.952	28.760	29.616	30.518	31.463	32.448	33.470	34.525	35.610	36.722	37.856	39.009	40.177	41.356	42.542	43.731	44.920	46.103	47.277	48.438	49.582	50.705	51.804	52.875	53.914	54.918	55.883	56.807	57.686	58.518	59.300	60.030	60.706	61.325	61.823	62.262	62.640	62.955	63.146	63.272	inf
inf	0.630	0.377	0.187	0.062	0.000	0.061	0.181	0.360	0.595	0.885	1.226	1.618	2.057	2.540	3.065	3.629	4.227	4.858	5.516	6.199	6.903	7.624	8.357	9.100	9.848	10.596	11.342	12.081	12.808	13.521	14.215	14.886	15.531	16.146	16.727	17.272	17.777	18.238	18.654	19.021	19.337	19.599	19.806	19.956	20.047	20.077	20.108	20.201	20.358	20.577	20.860	21.206	21.615	22.087	22.620	23.213	23.865	24.574	25.339	26.157	27.026	27.944	28.908	29.915	30.962	32.046	33.163	34.310	35.484	36.680	37.895	39.125	40.366	41.614	42.865	44.115	45.360	46.596	47.819	49.025	50.210	51.371	52.503	53.604	54.670	55.697	56.683	57.624	58.518	59.362	60.092	60.768	61.387	61.948	62.386	62.764	63.080	63.333	63.460	inf
inf	0.942	0.625	0.373	0.185	0.061	0.000	0.060	0.177	0.352	0.580	0.861	1.192	1.570	1.992	2.457	2.959	3.497	4.066	4.664	5.286	5.929	6.589	7.261	7.943	8.630	9.318	10.003	10.680	11.347	11.999	12.632	13.242	13.826	14.380	14.901	15.384	15.828	16.229	16.584	16.890	17.145	17.346	17.493	17.581	17.611	17.642	17.733	17.888	18.104	18.385	18.729	19.136	19.606	20.138	20.732	21.386	22.099	22.869	23.695	24.574	25.504	26.483	27.508	28.575	29.683	30.828	32.006	33.214	34.448	35.705	36.981	38.272	39.574	40.883	42.195	43.506	44.811	46.108	47.392	48.659	49.905	51.127	52.320	53.482	54.609	55.697	56.744	57.685	58.579	59.423	60.215	60.891	61.510	62.070	62.572	62.950	63.265	63.519	63.709	inf
inf	1.314	0.934	0.618	0.367	0.181	0.060	0.000	0.058	0.173	0.342	0.563	0.834	1.152	1.515	1.920	2.363	2.841	3.351	3.889	4.451	5.034	5.634	6.248	6.870	7.497	8.125	8.750	9.369	9.976	10.568	11.141	11.692	12.216	12.711	13.171	13.596	13.980	14.321	14.616	14.862	15.058	15.200	15.286	15.316	15.345	15.435	15.586	15.800	16.077	16.417	16.820	17.287	17.816	18.408	19.062	19.776	20.548	21.378	22.263	23.202	24.192	25.230	26.315	27.442	28.610	29.814	31.051	32.319	33.613	34.930	36.265	37.616	38.977	40.346	41.717	43.088	44.453	45.810	47.153	48.480	49.786	51.067	52.320	53.541	54.668	55.757	56.803	57.805	58.700	59.544	60.335	61.073	61.692	62.253	62.754	63.195	63.511	63.764	63.954	inf
inf	1.744	1.300	0.921	0.608	0.360	0.177	0.058	0.000	0.056	0.167	0.330	0.543	0.804	1.108	1.455	1.840	2.259	2.711	3.191	3.695	4.220	4.762	5.317	5.882	6.451	7.021	7.588	8.148	8.697	9.231	9.746	10.239	10.705	11.141	11.544	11.910	12.236	12.519	12.756	12.944	13.081	13.165	13.194	13.222	13.310	13.458	13.668	13.940	14.274	14.672	15.134	15.659	16.246	16.897	17.608	18.380	19.211	20.099	21.042	22.039	23.087	24.184	25.326	26.512	27.737	28.999	30.295	31.621	32.973	34.348	35.742	37.150	38.570	39.997	41.426	42.855	44.278	45.693	47.095	48.479	49.843	51.125	52.378	53.600	54.786	55.874	56.921	57.923	58.878	59.722	60.514	61.251	61.932	62.493	62.995	63.435	63.814	64.067	64.257	inf
inf	2.230	1.723	1.281	0.905	0.595	0.352	0.173	0.056	0.000	0.054	0.161	0.318	0.522	0.770	1.060	1.388	1.752	2.147	2.571	3.019	3.487	3.973	4.471	4.979	5.492	6.005	6.516	7.020	7.512	7.990	8.449	8.885	9.295	9.675	10.021	10.331	10.600	10.827	11.007	11.139	11.220	11.247	11.275	11.361	11.505	11.709	11.975	12.303	12.695	13.149	13.667	14.248	14.892	15.599	16.367	17.195	18.082	19.027	20.026	21.080	22.184	23.337	24.536	25.778	27.060	28.379	29.731	31.113	32.522	33.953	35.403	36.868	38.344	39.827	41.313	42.798	44.278	45.749	47.151	48.536	49.900	51.239	52.493	53.714	54.900	56.048	57.095	58.097	59.052	59.957	60.749	61.486	62.167	62.790	63.292	63.732	64.111	64.426	64.617	inf
inf	2.771	2.200	1.695	1.256	0.885	0.580	0.342	0.167	0.054	0.000	0.052	0.154	0.304	0.498	0.733	1.007	1.316	1.657	2.026	2.420	2.834	3.265	3.709	4.162	4.621	5.080	5.536	5.985	6.423	6.847	7.251	7.633	7.988	8.313	8.605	8.861	9.076	9.248	9.374	9.451	9.478	9.505	9.587	9.727	9.925	10.184	10.505	10.887	11.333	11.842	12.414	13.050	13.749	14.509	15.332	16.215	17.156	18.155	19.209	20.317	21.476	22.683	23.937	25.233	26.569	27.943	29.349	30.786	32.249	33.734	35.239	36.758	38.289	39.826	41.367	42.852	44.332	45.803	47.261	48.647	50.011	51.350	52.661	53.883	55.069	56.217	57.323	58.326	59.281	60.186	61.038	61.776	62.457	63.080	63.643	64.083	64.462	64.778	65.030	inf
inf	3.364	2.729	2.161	1.660	1.226	0.861	0.563	0.330	0.161	0.052	0.000	0.050	0.147	0.289	0.472	0.694	0.950	1.239	1.556	1.897	2.259	2.638	3.030	3.431	3.837	4.244	4.648	5.044	5.430	5.801	6.153	6.483	6.786	7.059	7.299	7.502	7.664	7.784	7.858	7.883	7.909	7.988	8.123	8.315	8.566	8.877	9.250	9.685	10.182	10.744	11.368	12.056	12.807	13.620	14.495	15.430	16.424	17.475	18.582	19.741	20.953	22.212	23.518	24.866	26.255	27.681	29.140	30.628	32.144	33.682	35.238	36.810	38.341	39.879	41.419	42.959	44.439	45.910	47.368	48.809	50.174	51.513	52.824	54.104	55.291	56.438	57.545	58.606	59.562	60.466	61.319	62.117	62.799	63.421	63.985	64.487	64.866	65.181	65.434	inf
inf	4.006	3.309	2.677	2.113	1.618	1.192	0.834	0.543	0.318	0.154	0.050	0.000	0.047	0.139	0.272	0.444	0.651	0.890	1.157	1.448	1.760	2.089	2.431	2.782	3.138	3.495	3.849	4.197	4.533	4.854	5.156	5.435	5.689	5.912	6.102	6.255	6.368	6.437	6.461	6.486	6.562	6.691	6.875	7.117	7.418	7.779	8.202	8.686	9.234	9.845	10.520	11.258	12.058	12.921	13.846	14.831	15.874	16.975	18.132	19.342	20.603	21.912	23.268	24.666	26.105	27.580	29.089	30.628	32.193	33.732	35.288	36.860	38.443	39.981	41.521	43.061	44.595	46.067	47.525	48.966	50.386	51.726	53.037	54.317	55.561	56.709	57.816	58.877	59.892	60.797	61.650	62.448	63.190	63.813	64.376	64.879	65.319	65.635	65.888	inf
inf	4.697	3.935	3.241	2.614	2.057	1.570	1.152	0.804	0.522	0.304	0.147	0.047	0.000	0.045	0.131	0.255	0.415	0.606	0.826	1.070	1.335	1.616	1.911	2.215	2.524	2.833	3.140	3.440	3.729	4.002	4.257	4.490	4.695	4.871	5.014	5.120	5.185	5.208	5.231	5.303	5.426	5.603	5.834	6.124	6.472	6.880	7.350	7.882	8.477	9.135	9.857	10.642	11.490	12.401	13.372	14.404	15.495	16.644	17.848	19.105	20.413	21.770	23.173	24.618	26.104	27.627	29.136	30.675	32.240	33.828	35.385	36.957	38.540	40.130	41.671	43.210	44.745	46.270	47.729	49.170	50.590	51.986	53.298	54.577	55.822	57.027	58.134	59.196	60.210	61.175	62.028	62.826	63.568	64.252	64.815	65.317	65.758	66.136	66.388	inf
inf	5.431	4.607	3.849	3.159	2.540	1.992	1.515	1.108	0.770	0.498	0.289	0.139	0.045	0.000	0.042	0.122	0.237	0.384	0.559	0.758	0.978	1.216	1.466	1.725	1.989	2.255	2.517	2.772	3.016	3.246	3.456	3.644	3.805	3.937	4.035	4.096	4.117	4.139	4.207	4.323	4.491	4.712	4.988	5.322	5.714	6.167	6.681	7.258	7.897	8.600	9.367	10.196	11.089	12.044	13.060	14.137	15.272	16.465	17.713	19.015	20.368	21.769	23.216	24.663	26.149	27.671	29.227	30.767	32.332	33.920	35.526	37.099	38.682	40.271	41.864	43.404	44.939	46.464	47.977	49.418	50.839	52.234	53.602	54.882	56.126	57.332	58.497	59.559	60.573	61.538	62.450	63.249	63.991	64.674	65.298	65.801	66.241	66.619	66.934	inf
inf	6.207	5.319	4.498	3.746	3.065	2.457	1.920	1.455	1.060	0.733	0.472	0.272	0.131	0.042	0.000	0.038	0.112	0.217	0.351	0.509	0.688	0.883	1.092	1.310	1.532	1.756	1.977	2.190	2.393	2.581	2.750	2.896	3.016	3.106	3.162	3.182	3.202	3.265	3.375	3.533	3.742	4.004	4.322	4.697	5.132	5.626	6.182	6.800	7.481	8.226	9.033	9.905	10.839	11.835	12.893	14.011	15.188	16.423	17.713	19.056	20.409	21.811	23.258	24.748	26.235	27.757	29.314	30.900	32.465	34.053	35.660	37.281	38.865	40.455	42.047	43.639	45.174	46.700	48.212	49.708	51.128	52.524	53.892	55.228	56.473	57.679	58.843	59.963	60.978	61.942	62.855	63.712	64.455	65.138	65.762	66.326	66.766	67.144	67.459	inf
inf	7.022	6.070	5.186	4.372	3.629	2.959	2.363	1.840	1.388	1.007	0.694	0.444	0.255	0.122	0.038	0.000	0.035	0.102	0.197	0.317	0.457	0.614	0.784	0.964	1.148	1.333	1.516	1.691	1.855	2.004	2.135	2.243	2.324	2.375	2.393	2.412	2.471	2.573	2.721	2.917	3.165	3.466	3.822	4.236	4.708	5.241	5.835	6.492	7.211	7.994	8.840	9.750	10.723	11.758	12.854	14.010	15.226	16.461	17.751	19.094	20.488	21.891	23.338	24.828	26.359	27.882	29.438	31.024	32.637	34.225	35.832	37.453	39.086	40.676	42.269	43.861	45.448	46.974	48.486	49.982	51.456	52.853	54.220	55.556	56.857	58.063	59.228	60.348	61.420	62.385	63.298	64.155	64.957	65.641	66.265	66.828	67.329	67.707	68.022	inf
inf	7.872	6.857	5.909	5.032	4.227	3.497	2.841	2.259	1.752	1.316	0.950	0.651	0.415	0.237	0.112	0.035	0.000	0.032	0.092	0.176	0.281	0.403	0.538	0.683	0.832	0.982	1.129	1.269	1.398	1.512	1.608	1.680	1.726	1.743	1.760	1.814	1.908	2.045	2.228	2.459	2.742	3.078	3.470	3.918	4.426	4.994	5.623	6.315	7.070	7.888	8.769	9.714	10.722	11.792	12.889	14.046	15.261	16.534	17.825	19.168	20.562	22.005	23.453	24.943	26.474	28.041	29.598	31.184	32.796	34.431	36.039	37.660	39.293	40.932	42.526	44.118	45.704	47.282	48.795	50.291	51.765	53.216	54.584	55.920	57.221	58.483	59.648	60.768	61.840	62.863	63.776	64.633	65.435	66.178	66.803	67.366	67.867	68.306	68.621	inf
inf	8.753	7.675	6.664	5.724	4.858	4.066	3.351	2.711	2.147	1.657	1.239	0.890	0.606	0.384	0.217	0.102	0.032	0.000	0.028	0.081	0.154	0.245	0.348	0.460	0.578	0.696	0.812	0.920	1.017	1.100	1.163	1.204	1.219	1.234	1.283	1.369	1.494	1.663	1.878	2.141	2.456	2.823	3.247	3.727	4.267	4.866	5.527	6.251	7.037	7.887	8.800	9.746	10.754	11.824	12.955	14.112	15.328	16.601	17.929	19.273	20.667	22.110	23.599	25.090	26.621	28.188	29.788	31.375	32.988	34.623	36.277	37.899	39.531	41.171	42.814	44.406	45.993	47.571	49.135	50.631	52.106	53.556	54.979	56.315	57.616	58.878	60.099	61.219	62.292	63.315	64.285	65.143	65.945	66.688	67.372	67.935	68.437	68.875	69.251	inf
inf	9.663	8.521	7.447	6.445	5.516	4.664	3.889	3.191	2.571	2.026	1.556	1.157	0.826	0.559	0.351	0.197	0.092	0.028	0.000	0.025	0.070	0.132	0.207	0.291	0.381	0.471	0.558	0.638	0.707	0.762	0.797	0.810	0.823	0.867	0.944	1.058	1.212	1.409	1.652	1.943	2.286	2.682	3.133	3.642	4.209	4.837	5.527	6.278	7.065	7.915	8.828	9.805	10.813	11.883	13.015	14.207	15.423	16.696	18.024	19.406	20.801	22.244	23.733	25.264	26.796	28.363	29.963	31.594	33.207	34.842	36.496	38.165	39.798	41.438	43.081	44.722	46.310	47.887	49.452	51.000	52.475	53.925	55.348	56.738	58.039	59.302	60.522	61.699	62.772	63.794	64.765	65.681	66.483	67.226	67.910	68.533	69.034	69.473	69.848	inf
inf	10.597	9.392	8.255	7.190	6.199	5.286	4.451	3.695	3.019	2.420	1.897	1.448	1.070	0.758	0.509	0.317	0.176	0.081	0.025	0.000	0.021	0.058	0.109	0.169	0.233	0.299	0.362	0.418	0.462	0.492	0.503	0.515	0.553	0.621	0.722	0.861	1.039	1.261	1.528	1.844	2.211	2.632	3.108	3.641	4.233	4.862	5.551	6.303	7.117	7.968	8.881	9.858	10.897	11.968	13.099	14.291	15.542	16.815	18.144	19.525	20.958	22.402	23.891	25.422	26.994	28.562	30.163	31.794	33.450	35.086	36.740	38.409	40.089	41.729	43.372	45.014	46.650	48.229	49.793	51.341	52.868	54.319	55.741	57.131	58.487	59.750	60.970	62.147	63.276	64.299	65.269	66.185	67.045	67.788	68.472	69.095	69.656	70.095	70.470	inf
inf	11.552	10.283	9.083	7.955	6.903	5.929	5.034	4.220	3.487	2.834	2.259	1.760	1.335	0.978	0.688	0.457	0.281	0.154	0.070	0.021	0.000	0.017	0.047	0.086	0.130	0.175	0.217	0.252	0.275	0.284	0.294	0.327	0.386	0.475	0.597	0.756	0.955	1.197	1.486	1.822	2.210	2.651	3.128	3.662	4.254	4.906	5.596	6.348	7.163	8.040	8.954	9.931	10.970	12.072	13.205	14.396	15.647	16.955	18.284	19.666	21.098	22.580	24.069	25.601	27.173	28.782	30.383	32.014	33.671	35.350	37.005	38.674	40.354	42.041	43.684	45.326	46.962	48.590	50.155	51.703	53.230	54.733	56.155	57.546	58.901	60.218	61.439	62.615	63.744	64.823	65.794	66.710	67.570	68.371	69.055	69.678	70.239	70.737	71.113	inf
inf	12.524	11.192	9.928	8.738	7.624	6.589	5.634	4.762	3.973	3.265	2.638	2.089	1.616	1.216	0.883	0.614	0.403	0.245	0.132	0.058	0.017	0.000	0.013	0.035	0.062	0.090	0.115	0.133	0.140	0.148	0.175	0.224	0.300	0.406	0.545	0.721	0.937	1.196	1.502	1.839	2.227	2.668	3.165	3.699	4.291	4.944	5.658	6.410	7.225	8.103	9.044	10.021	11.061	12.163	13.326	14.518	15.769	17.077	18.440	19.823	21.256	22.737	24.264	25.797	27.369	28.978	30.620	32.251	33.908	35.588	37.286	38.956	40.636	42.322	44.012	45.655	47.291	48.919	50.534	52.082	53.609	55.112	56.586	57.977	59.332	60.649	61.924	63.101	64.230	65.309	66.336	67.252	68.112	68.913	69.655	70.278	70.839	71.338	71.773	inf
inf	13.508	12.113	10.786	9.533	8.357	7.261	6.248	5.317	4.471	3.709	3.030	2.431	1.911	1.466	1.092	0.784	0.538	0.348	0.207	0.109	0.047	0.013	0.000	0.009	0.023	0.038	0.050	0.055	0.061	0.082	0.122	0.184	0.273	0.392	0.544	0.733	0.950	1.209	1.515	1.868	2.257	2.698	3.195	3.749	4.342	4.994	5.708	6.484	7.300	8.178	9.119	10.124	11.164	12.266	13.429	14.653	15.904	17.212	18.575	19.992	21.426	22.907	24.434	26.005	27.577	29.186	30.828	32.501	34.158	35.838	37.536	39.250	40.930	42.617	44.307	45.996	47.633	49.261	50.876	52.473	54.001	55.503	56.978	58.420	59.776	61.093	62.368	63.599	64.729	65.808	66.834	67.807	68.667	69.468	70.210	70.891	71.452	71.951	72.386	inf
inf	14.502	13.043	11.654	10.338	9.100	7.943	6.870	5.882	4.979	4.162	3.431	2.782	2.215	1.725	1.310	0.964	0.683	0.460	0.291	0.169	0.086	0.035	0.009	0.000	0.005	0.011	0.014	0.018	0.033	0.063	0.112	0.183	0.281	0.401	0.553	0.742	0.971	1.232	1.537	1.890	2.295	2.737	3.234	3.788	4.401	5.054	5.768	6.544	7.383	8.262	9.203	10.208	11.276	12.378	13.542	14.765	16.047	17.356	18.720	20.136	21.604	23.086	24.614	26.184	27.794	29.404	31.046	32.718	34.417	36.097	37.795	39.509	41.233	42.921	44.611	46.300	47.984	49.612	51.227	52.824	54.401	55.904	57.379	58.821	60.229	61.546	62.821	64.052	65.236	66.315	67.342	68.314	69.230	70.032	70.774	71.455	72.074	72.573	73.008	inf
inf	15.501	13.979	12.526	11.147	9.848	8.630	7.497	6.451	5.492	4.621	3.837	3.138	2.524	1.989	1.532	1.148	0.832	0.578	0.381	0.233	0.130	0.062	0.023	0.005	0.000	0.001	0.003	0.012	0.032	0.067	0.117	0.188	0.286	0.414	0.567	0.756	0.985	1.258	1.564	1.917	2.322	2.780	3.278	3.832	4.445	5.118	5.833	6.609	7.448	8.350	9.293	10.297	11.365	12.495	13.659	14.882	16.165	17.504	18.869	20.286	21.753	23.270	24.798	26.368	27.979	29.626	31.269	32.941	34.639	36.361	38.060	39.773	41.498	43.229	44.920	46.609	48.293	49.967	51.583	53.180	54.757	56.310	57.785	59.227	60.635	62.004	63.280	64.510	65.694	66.827	67.855	68.827	69.743	70.601	71.343	72.024	72.643	73.200	73.635	inf
inf	16.501	14.915	13.399	11.958	10.596	9.318	8.125	7.021	6.005	5.080	4.244	3.495	2.833	2.255	1.756	1.333	0.982	0.696	0.471	0.299	0.175	0.090	0.038	0.011	0.001	0.000	0.003	0.013	0.033	0.068	0.122	0.195	0.292	0.420	0.581	0.771	1.001	1.273	1.591	1.945	2.350	2.808	3.322	3.877	4.490	5.163	5.897	6.674	7.514	8.416	9.382	10.387	11.455	12.585	13.776	15.001	16.283	17.623	19.018	20.436	21.904	23.420	24.982	26.554	28.164	29.811	31.492	33.165	34.863	36.584	38.324	40.038	41.763	43.494	45.229	46.918	48.602	50.277	51.939	53.537	55.114	56.667	58.191	59.634	61.042	62.411	63.738	64.970	66.153	67.287	68.368	69.341	70.257	71.115	71.913	72.594	73.213	73.770	74.263	inf
inf	17.498	15.849	14.270	12.766	11.342	10.003	8.750	7.588	6.516	5.536	4.648	3.849	3.140	2.517	1.977	1.516	1.129	0.812	0.558	0.362	0.217	0.115	0.050	0.014	0.003	0.003	0.000	0.007	0.025	0.058	0.110	0.184	0.285	0.416	0.580	0.782	1.013	1.285	1.603	1.969	2.375	2.833	3.347	3.918	4.532	5.205	5.939	6.736	7.576	8.479	9.445	10.474	11.542	12.672	13.864	15.115	16.399	17.738	19.133	20.582	22.051	23.567	25.130	26.735	28.346	29.993	31.674	33.385	35.084	36.805	38.545	40.300	42.025	43.757	45.491	47.224	48.909	50.584	52.246	53.891	55.468	57.021	58.545	60.038	61.446	62.815	64.142	65.425	66.609	67.743	68.824	69.851	70.767	71.625	72.424	73.161	73.780	74.337	74.830	inf
inf	18.488	16.775	15.133	13.566	12.081	10.680	9.369	8.148	7.020	5.985	5.044	4.197	3.440	2.772	2.190	1.691	1.269	0.920	0.638	0.418	0.252	0.133	0.055	0.018	0.012	0.013	0.007	0.000	0.011	0.037	0.082	0.149	0.243	0.367	0.524	0.718	0.952	1.229	1.552	1.924	2.347	2.823	3.355	3.936	4.566	5.240	5.974	6.771	7.631	8.534	9.500	10.529	11.622	12.752	13.944	15.195	16.506	17.847	19.242	20.690	22.190	23.707	25.270	26.875	28.521	30.169	31.849	33.560	35.297	37.019	38.759	40.514	42.280	44.012	45.746	47.480	49.208	50.884	52.546	54.191	55.815	57.368	58.892	60.385	61.842	63.212	64.539	65.822	67.058	68.192	69.273	70.300	71.271	72.129	72.927	73.665	74.340	74.897	75.390	inf
inf	19.466	17.691	15.985	14.356	12.808	11.347	9.976	8.697	7.512	6.423	5.430	4.533	3.729	3.016	2.393	1.855	1.398	1.017	0.707	0.462	0.275	0.140	0.061	0.033	0.032	0.033	0.025	0.011	0.000	0.015	0.049	0.105	0.188	0.301	0.447	0.630	0.853	1.119	1.431	1.792	2.204	2.669	3.189	3.767	4.404	5.101	5.860	6.680	7.564	8.511	9.522	10.574	11.666	12.821	14.013	15.265	16.575	17.943	19.339	20.788	22.287	23.835	25.399	27.004	28.650	30.332	32.013	33.724	35.461	37.221	38.961	40.716	42.482	44.255	45.990	47.724	49.452	51.172	52.834	54.479	56.104	57.703	59.228	60.721	62.178	63.597	64.925	66.208	67.444	68.630	69.711	70.738	71.709	72.621	73.420	74.157	74.833	75.445	75.939	inf
inf	20.430	18.591	16.822	15.130	13.521	11.999	10.568	9.231	7.990	6.847	5.801	4.854	4.002	3.246	2.581	2.004	1.512	1.100	0.762	0.492	0.284	0.148	0.082	0.063	0.067	0.068	0.058	0.037	0.015	0.000	0.019	0.060	0.128	0.226	0.357	0.525	0.733	0.985	1.282	1.627	2.024	2.474	2.980	3.543	4.165	4.847	5.590	6.396	7.265	8.197	9.193	10.251	11.373	12.557	13.803	15.109	16.474	17.896	19.373	20.870	22.370	23.918	25.512	27.118	28.764	30.446	32.162	33.873	35.610	37.370	39.148	40.904	42.670	44.443	46.219	47.953	49.682	51.401	53.107	54.753	56.377	57.977	59.549	61.042	62.499	63.918	65.295	66.579	67.815	69.001	70.134	71.162	72.132	73.044	73.897	74.635	75.310	75.923	76.473	inf
inf	21.375	19.472	17.641	15.886	14.215	12.632	11.141	9.746	8.449	7.251	6.153	5.156	4.257	3.456	2.750	2.135	1.608	1.163	0.797	0.503	0.294	0.175	0.122	0.112	0.117	0.122	0.110	0.082	0.049	0.019	0.000	0.023	0.072	0.151	0.263	0.412	0.602	0.834	1.112	1.439	1.817	2.248	2.735	3.279	3.882	4.545	5.270	6.057	6.907	7.820	8.797	9.837	10.940	12.105	13.332	14.619	15.965	17.368	18.827	20.339	21.902	23.514	25.172	26.872	28.613	30.391	32.202	34.003	35.741	37.500	39.279	41.072	42.839	44.612	46.388	48.163	49.892	51.611	53.318	55.007	56.632	58.232	59.804	61.343	62.801	64.220	65.598	66.931	68.167	69.353	70.486	71.565	72.536	73.449	74.301	75.093	75.769	76.382	76.931	inf
inf	22.298	20.331	18.436	16.619	14.886	13.242	11.692	10.239	8.885	7.633	6.483	5.435	4.490	3.644	2.896	2.243	1.680	1.204	0.810	0.515	0.327	0.224	0.184	0.183	0.188	0.195	0.184	0.149	0.105	0.060	0.023	0.000	0.026	0.083	0.172	0.299	0.466	0.675	0.931	1.235	1.590	1.999	2.463	2.985	3.565	4.206	4.908	5.672	6.499	7.390	8.344	9.361	10.442	11.584	12.789	14.053	15.376	16.757	18.193	19.682	21.223	22.812	24.447	26.125	27.843	29.598	31.386	33.205	35.049	36.917	38.803	40.704	42.616	44.536	46.458	48.309	50.079	51.799	53.506	55.195	56.864	58.464	60.036	61.576	63.080	64.500	65.877	67.210	68.496	69.682	70.816	71.895	72.917	73.830	74.683	75.475	76.205	76.818	77.368	inf
inf	23.194	21.164	19.206	17.326	15.531	13.826	12.216	10.705	9.295	7.988	6.786	5.689	4.695	3.805	3.016	2.324	1.726	1.219	0.823	0.553	0.386	0.300	0.273	0.281	0.286	0.292	0.285	0.243	0.188	0.128	0.072	0.026	0.000	0.030	0.093	0.194	0.334	0.517	0.746	1.024	1.353	1.735	2.173	2.668	3.222	3.837	4.512	5.250	6.051	6.915	7.843	8.834	9.888	11.004	12.182	13.420	14.717	16.071	17.481	18.944	20.458	22.021	23.630	25.281	26.973	28.702	30.464	32.256	34.074	35.915	37.775	39.650	41.536	43.428	45.324	47.219	49.109	50.990	52.858	54.708	56.539	58.344	60.122	61.781	63.286	64.752	66.130	67.463	68.749	69.985	71.119	72.198	73.221	74.185	75.038	75.830	76.560	77.227	77.777	inf
inf	24.060	21.967	19.945	18.003	16.146	14.380	12.711	11.141	9.675	8.313	7.059	5.912	4.871	3.937	3.106	2.375	1.743	1.234	0.867	0.621	0.475	0.406	0.392	0.401	0.414	0.420	0.416	0.367	0.301	0.226	0.151	0.083	0.030	0.000	0.033	0.104	0.214	0.367	0.567	0.814	1.113	1.466	1.874	2.339	2.863	3.447	4.093	4.801	5.572	6.406	7.304	8.265	9.289	10.375	11.523	12.731	13.998	15.322	16.702	18.135	19.619	21.152	22.731	24.352	26.014	27.713	29.445	31.207	32.995	34.806	36.636	38.481	40.337	42.200	44.066	45.931	47.790	49.641	51.479	53.300	55.100	56.876	58.623	60.339	62.020	63.662	65.262	66.819	68.327	69.786	71.193	72.471	73.494	74.458	75.363	76.156	76.885	77.553	78.157	inf
inf	24.892	22.736	20.651	18.646	16.727	14.901	13.171	11.544	10.021	8.605	7.299	6.102	5.014	4.035	3.162	2.393	1.760	1.283	0.944	0.722	0.597	0.545	0.544	0.553	0.567	0.581	0.580	0.524	0.447	0.357	0.263	0.172	0.093	0.033	0.000	0.037	0.114	0.234	0.399	0.614	0.879	1.198	1.572	2.004	2.495	3.045	3.658	4.332	5.070	5.871	6.735	7.663	8.653	9.706	10.820	11.995	13.228	14.519	15.865	17.265	18.716	20.215	21.760	23.349	24.977	26.642	28.341	30.069	31.824	33.602	35.398	37.210	39.032	40.861	42.694	44.525	46.352	48.169	49.974	51.761	53.528	55.270	56.984	58.666	60.313	61.922	63.489	65.012	66.487	67.913	69.286	70.605	71.867	73.071	74.216	75.300	76.321	77.281	78.177	inf
inf	25.688	23.468	21.320	19.253	17.272	15.384	13.596	11.910	10.331	8.861	7.502	6.255	5.120	4.096	3.182	2.412	1.814	1.369	1.058	0.861	0.756	0.721	0.733	0.742	0.756	0.771	0.782	0.718	0.630	0.525	0.412	0.299	0.194	0.104	0.037	0.000	0.040	0.123	0.252	0.430	0.658	0.940	1.278	1.673	2.127	2.641	3.216	3.854	4.555	5.319	6.146	7.037	7.991	9.007	10.084	11.222	12.419	13.673	14.982	16.345	17.759	19.221	20.730	22.281	23.873	25.501	27.163	28.855	30.573	32.314	34.073	35.848	37.633	39.426	41.222	43.016	44.806	46.586	48.354	50.105	51.835	53.540	55.217	56.863	58.473	60.045	61.575	63.061	64.500	65.888	67.225	68.507	69.732	70.900	72.007	73.054	74.039	74.962	75.821	inf
inf	26.444	24.160	21.950	19.819	17.777	15.828	13.980	12.236	10.600	9.076	7.664	6.368	5.185	4.117	3.202	2.471	1.908	1.494	1.212	1.039	0.955	0.937	0.950	0.971	0.985	1.001	1.013	0.952	0.853	0.733	0.602	0.466	0.334	0.214	0.114	0.040	0.000	0.043	0.132	0.270	0.458	0.700	0.998	1.353	1.766	2.240	2.776	3.374	4.034	4.758	5.546	6.397	7.310	8.286	9.324	10.422	11.578	12.792	14.062	15.385	16.759	18.181	19.649	21.161	22.712	24.301	25.923	27.574	29.252	30.953	32.673	34.407	36.153	37.906	39.661	41.416	43.165	44.906	46.633	48.344	50.034	51.699	53.337	54.942	56.512	58.044	59.535	60.980	62.379	63.728	65.024	66.266	67.452	68.579	69.647	70.654	71.599	72.481	73.300	inf
inf	27.156	24.810	22.536	20.343	18.238	16.229	14.321	12.519	10.827	9.248	7.784	6.437	5.208	4.139	3.265	2.573	2.045	1.663	1.409	1.261	1.197	1.196	1.209	1.232	1.258	1.273	1.285	1.229	1.119	0.985	0.834	0.675	0.517	0.367	0.234	0.123	0.043	0.000	0.046	0.140	0.286	0.485	0.740	1.051	1.422	1.853	2.345	2.900	3.518	4.199	4.943	5.751	6.622	7.555	8.549	9.604	10.717	11.888	13.115	14.394	15.725	17.105	18.530	19.998	21.507	23.052	24.631	26.240	27.875	29.532	31.209	32.900	34.603	36.312	38.025	39.737	41.443	43.141	44.825	46.493	48.140	49.762	51.356	52.918	54.446	55.935	57.382	58.785	60.140	61.446	62.699	63.898	65.040	66.125	67.150	68.113	69.015	69.855	70.631	inf
inf	27.823	25.413	23.076	20.820	18.654	16.584	14.616	12.756	11.007	9.374	7.858	6.461	5.231	4.207	3.375	2.721	2.228	1.878	1.652	1.528	1.486	1.502	1.515	1.537	1.564	1.591	1.603	1.552	1.431	1.282	1.112	0.931	0.746	0.567	0.399	0.252	0.132	0.046	0.000	0.049	0.148	0.301	0.510	0.776	1.101	1.486	1.932	2.441	3.013	3.648	4.346	5.108	5.933	6.820	7.768	8.777	9.845	10.970	12.150	13.384	14.669	16.002	17.382	18.804	20.267	21.766	23.299	24.862	26.451	28.063	29.693	31.339	32.996	34.659	36.326	37.991	39.652	41.304	42.942	44.564	46.165	47.741	49.289	50.806	52.287	53.730	55.132	56.488	57.798	59.058	60.265	61.418	62.515	63.553	64.532	65.450	66.306	67.099	67.829	inf
inf	28.441	25.968	23.567	21.249	19.021	16.890	14.862	12.944	11.139	9.451	7.883	6.486	5.303	4.323	3.533	2.917	2.459	2.141	1.943	1.844	1.822	1.839	1.868	1.890	1.917	1.945	1.969	1.924	1.792	1.627	1.439	1.235	1.024	0.814	0.614	0.430	0.270	0.140	0.049	0.000	0.051	0.156	0.316	0.533	0.809	1.145	1.543	2.003	2.526	3.113	3.763	4.476	5.252	6.091	6.990	7.951	8.970	10.046	11.178	12.363	13.599	14.884	16.215	17.589	19.003	20.454	21.938	23.452	24.993	26.556	28.138	29.735	31.343	32.958	34.576	36.193	37.805	39.408	40.998	42.571	44.123	45.651	47.151	48.618	50.051	51.445	52.798	54.106	55.367	56.578	57.737	58.842	59.890	60.879	61.810	62.679	63.486	64.231	64.913	inf
inf	29.008	26.471	24.008	21.627	19.337	17.145	15.058	13.081	11.220	9.478	7.909	6.562	5.426	4.491	3.742	3.165	2.742	2.456	2.286	2.211	2.210	2.227	2.257	2.295	2.322	2.350	2.375	2.347	2.204	2.024	1.817	1.590	1.353	1.113	0.879	0.658	0.458	0.286	0.148	0.051	0.000	0.053	0.162	0.328	0.553	0.839	1.185	1.595	2.067	2.602	3.201	3.863	4.588	5.375	6.224	7.133	8.101	9.126	10.207	11.341	12.526	13.760	15.040	16.363	17.726	19.125	20.558	22.021	23.511	25.023	26.554	28.100	29.657	31.220	32.787	34.353	35.914	37.466	39.005	40.527	42.028	43.505	44.953	46.370	47.752	49.095	50.397	51.654	52.864	54.024	55.131	56.184	57.181	58.120	58.999	59.817	60.574	61.267	61.898	inf
inf	29.522	26.922	24.395	21.951	19.599	17.346	15.200	13.165	11.247	9.505	7.988	6.691	5.603	4.712	4.004	3.466	3.078	2.823	2.682	2.632	2.651	2.668	2.698	2.737	2.780	2.808	2.833	2.823	2.669	2.474	2.248	1.999	1.735	1.466	1.198	0.940	0.700	0.485	0.301	0.156	0.053	0.000	0.055	0.168	0.340	0.572	0.865	1.221	1.639	2.121	2.667	3.276	3.947	4.681	5.477	6.332	7.247	8.219	9.246	10.327	11.459	12.639	13.866	15.135	16.444	17.791	19.170	20.580	22.016	23.475	24.952	26.445	27.948	29.459	30.972	32.485	33.992	35.491	36.976	38.445	39.893	41.316	42.711	44.075	45.403	46.693	47.941	49.145	50.301	51.408	52.462	53.462	54.405	55.291	56.117	56.881	57.584	58.225	58.802	inf
inf	29.980	27.316	24.727	22.220	19.806	17.493	15.286	13.194	11.275	9.587	8.123	6.875	5.834	4.988	4.322	3.822	3.470	3.247	3.133	3.108	3.128	3.165	3.195	3.234	3.278	3.322	3.347	3.355	3.189	2.980	2.735	2.463	2.173	1.874	1.572	1.278	0.998	0.740	0.510	0.316	0.162	0.055	0.000	0.057	0.174	0.350	0.588	0.888	1.251	1.678	2.168	2.721	3.337	4.016	4.756	5.556	6.415	7.332	8.304	9.329	10.405	11.530	12.701	13.915	15.169	16.460	17.784	19.138	20.519	21.922	23.344	24.781	26.229	27.684	29.142	30.600	32.052	33.495	34.925	36.338	37.730	39.098	40.438	41.746	43.019	44.253	45.446	46.594	47.695	48.746	49.745	50.689	51.577	52.407	53.178	53.887	54.534	55.119	55.641	inf
inf	30.381	27.654	25.001	22.432	19.956	17.581	15.316	13.222	11.361	9.727	8.315	7.117	6.124	5.322	4.697	4.236	3.918	3.727	3.642	3.641	3.662	3.699	3.749	3.788	3.832	3.877	3.918	3.936	3.767	3.543	3.279	2.985	2.668	2.339	2.004	1.673	1.353	1.051	0.776	0.533	0.328	0.168	0.057	0.000	0.059	0.178	0.359	0.602	0.908	1.277	1.709	2.205	2.764	3.386	4.068	4.811	5.613	6.472	7.387	8.355	9.374	10.442	11.555	12.712	13.909	15.142	16.409	17.706	19.029	20.375	21.740	23.120	24.510	25.908	27.309	28.709	30.104	31.489	32.862	34.218	35.553	36.864	38.146	39.397	40.612	41.789	42.925	44.016	45.059	46.053	46.995	47.882	48.713	49.485	50.198	50.850	51.440	51.968	52.432	inf
inf	30.723	27.933	25.216	22.585	20.047	17.611	15.345	13.310	11.505	9.925	8.566	7.418	6.472	5.714	5.132	4.708	4.426	4.267	4.209	4.233	4.254	4.291	4.342	4.401	4.445	4.490	4.532	4.566	4.404	4.165	3.882	3.565	3.222	2.863	2.495	2.127	1.766	1.422	1.101	0.809	0.553	0.340	0.174	0.059	0.000	0.060	0.182	0.366	0.613	0.923	1.297	1.734	2.234	2.796	3.420	4.104	4.847	5.647	6.503	7.412	8.372	9.381	10.436	11.534	12.671	13.846	15.054	16.292	17.556	18.843	20.149	21.470	22.802	24.141	25.483	26.824	28.160	29.486	30.800	32.097	33.373	34.625	35.848	37.040	38.197	39.315	40.392	41.424	42.408	43.343	44.226	45.054	45.826	46.540	47.194	47.787	48.318	48.787	49.192	inf
inf	31.005	28.151	25.371	22.677	20.077	17.642	15.435	13.458	11.709	10.184	8.877	7.779	6.880	6.167	5.626	5.241	4.994	4.866	4.837	4.862	4.906	4.944	4.994	5.054	5.118	5.163	5.205	5.240	5.101	4.847	4.545	4.206	3.837	3.447	3.045	2.641	2.240	1.853	1.486	1.145	0.839	0.572	0.350	0.178	0.060	0.000	0.061	0.185	0.372	0.622	0.935	1.312	1.752	2.254	2.817	3.441	4.124	4.864	5.659	6.508	7.408	8.356	9.351	10.388	11.466	12.580	13.728	14.905	16.110	17.336	18.582	19.842	21.114	22.393	23.674	24.955	26.230	27.497	28.750	29.987	31.203	32.394	33.557	34.689	35.785	36.843	37.859	38.831	39.756	40.630	41.453	42.221	42.932	43.586	44.179	44.712	45.183	45.592	45.937	inf
inf	31.225	28.308	25.465	22.708	20.108	17.733	15.586	13.668	11.975	10.505	9.250	8.202	7.350	6.681	6.182	5.835	5.623	5.527	5.527	5.551	5.596	5.658	5.708	5.768	5.833	5.897	5.939	5.974	5.860	5.590	5.270	4.908	4.512	4.093	3.658	3.216	2.776	2.345	1.932	1.543	1.185	0.865	0.588	0.359	0.182	0.061	0.000	0.062	0.188	0.376	0.628	0.944	1.322	1.762	2.265	2.827	3.448	4.127	4.861	5.648	6.486	7.374	8.307	9.283	10.299	11.352	12.438	13.554	14.697	15.862	17.046	18.245	19.456	20.673	21.893	23.112	24.326	25.531	26.723	27.899	29.053	30.183	31.285	32.355	33.390	34.386	35.341	36.252	37.115	37.928	38.689	39.395	40.045	40.637	41.170	41.641	42.051	42.398	42.681	inf
inf	31.383	28.402	25.497	22.739	20.201	17.888	15.800	13.940	12.303	10.887	9.685	8.686	7.882	7.258	6.800	6.492	6.315	6.251	6.278	6.303	6.348	6.410	6.484	6.544	6.609	6.674	6.736	6.771	6.680	6.396	6.057	5.672	5.250	4.801	4.332	3.854	3.374	2.900	2.441	2.003	1.595	1.221	0.888	0.602	0.366	0.185	0.062	0.000	0.063	0.189	0.379	0.632	0.948	1.326	1.766	2.266	2.825	3.441	4.113	4.838	5.614	6.439	7.310	8.223	9.177	10.168	11.192	12.246	13.326	14.429	15.551	16.688	17.836	18.990	20.148	21.305	22.457	23.600	24.730	25.843	26.935	28.002	29.042	30.049	31.022	31.956	32.849	33.697	34.498	35.249	35.947	36.591	37.179	37.709	38.179	38.588	38.935	39.220	39.441	inf
inf	31.478	28.434	25.528	22.834	20.358	18.104	16.077	14.274	12.695	11.333	10.182	9.234	8.477	7.897	7.481	7.211	7.070	7.037	7.065	7.117	7.163	7.225	7.300	7.383	7.448	7.514	7.576	7.631	7.564	7.265	6.907	6.499	6.051	5.572	5.070	4.555	4.034	3.518	3.013	2.526	2.067	1.639	1.251	0.908	0.613	0.372	0.188	0.063	0.000	0.063	0.190	0.380	0.633	0.949	1.325	1.763	2.258	2.812	3.421	4.083	4.796	5.558	6.365	7.216	8.107	9.035	9.996	10.987	12.004	13.044	14.103	15.177	16.262	17.354	18.449	19.543	20.632	21.711	22.778	23.828	24.857	25.862	26.839	27.783	28.693	29.564	30.394	31.179	31.917	32.605	33.241	33.822	34.347	34.813	35.220	35.567	35.851	36.073	36.231	inf
inf	31.510	28.466	25.623	22.991	20.577	18.385	16.417	14.672	13.149	11.842	10.744	9.845	9.135	8.600	8.226	7.994	7.888	7.887	7.915	7.968	8.040	8.103	8.178	8.262	8.350	8.416	8.479	8.534	8.511	8.197	7.820	7.390	6.915	6.406	5.871	5.319	4.758	4.199	3.648	3.113	2.602	2.121	1.678	1.277	0.923	0.622	0.376	0.189	0.063	0.000	0.063	0.190	0.380	0.632	0.945	1.319	1.752	2.242	2.787	3.386	4.036	4.734	5.479	6.266	7.094	7.958	8.856	9.784	10.738	11.714	12.710	13.720	14.742	15.771	16.802	17.833	18.858	19.875	20.878	21.865	22.831	23.772	24.685	25.567	26.413	27.221	27.987	28.709	29.384	30.008	30.581	31.099	31.560	31.964	32.307	32.590	32.811	32.970	33.065	inf
inf	31.542	28.561	25.781	23.212	20.860	18.729	16.820	15.134	13.667	12.414	11.368	10.520	9.857	9.367	9.033	8.840	8.769	8.800	8.828	8.881	8.954	9.044	9.119	9.203	9.293	9.382	9.445	9.500	9.522	9.193	8.797	8.344	7.843	7.304	6.735	6.146	5.546	4.943	4.346	3.763	3.201	2.667	2.168	1.709	1.297	0.935	0.628	0.379	0.190	0.063	0.000	0.063	0.190	0.378	0.628	0.938	1.308	1.734	2.216	2.751	3.338	3.973	4.654	5.378	6.142	6.943	7.777	8.641	9.532	10.445	11.377	12.324	13.283	14.248	15.216	16.183	17.145	18.098	19.038	19.961	20.864	21.742	22.591	23.409	24.192	24.937	25.640	26.298	26.909	27.470	27.979	28.434	28.832	29.172	29.452	29.671	29.829	29.924	29.955	inf
inf	31.637	28.719	26.003	23.496	21.206	19.136	17.287	15.659	14.248	13.050	12.056	11.258	10.642	10.196	9.905	9.750	9.714	9.746	9.805	9.858	9.931	10.021	10.124	10.208	10.297	10.387	10.474	10.529	10.574	10.251	9.837	9.361	8.834	8.265	7.663	7.037	6.397	5.751	5.108	4.476	3.863	3.276	2.721	2.205	1.734	1.312	0.944	0.632	0.380	0.190	0.063	0.000	0.063	0.188	0.375	0.622	0.928	1.291	1.710	2.182	2.705	3.276	3.894	4.555	5.255	5.993	6.764	7.565	8.392	9.242	10.111	10.995	11.889	12.791	13.696	14.600	15.499	16.388	17.265	18.125	18.964	19.779	20.565	21.320	22.039	22.720	23.360	23.955	24.503	25.000	25.446	25.837	26.172	26.448	26.665	26.822	26.916	26.947	26.979	inf
inf	31.795	28.941	26.288	23.844	21.615	19.606	17.816	16.246	14.892	13.749	12.807	12.058	11.490	11.089	10.839	10.723	10.722	10.754	10.813	10.897	10.970	11.061	11.164	11.276	11.365	11.455	11.542	11.622	11.666	11.373	10.940	10.442	9.888	9.289	8.653	7.991	7.310	6.622	5.933	5.252	4.588	3.947	3.337	2.764	2.234	1.752	1.322	0.948	0.633	0.380	0.190	0.063	0.000	0.062	0.186	0.370	0.613	0.913	1.269	1.678	2.138	2.647	3.202	3.799	4.437	5.112	5.820	6.558	7.322	8.109	8.915	9.736	10.567	11.406	12.248	13.089	13.925	14.752	15.566	16.362	17.139	17.890	18.614	19.305	19.962	20.580	21.157	21.689	22.174	22.608	22.991	23.319	23.591	23.805	23.959	24.052	24.083	24.115	24.209	inf
inf	32.015	29.224	26.634	24.253	22.087	20.138	18.408	16.897	15.599	14.509	13.620	12.921	12.401	12.044	11.835	11.758	11.792	11.824	11.883	11.968	12.072	12.163	12.266	12.378	12.495	12.585	12.672	12.752	12.821	12.557	12.105	11.584	11.004	10.375	9.706	9.007	8.286	7.555	6.820	6.091	5.375	4.681	4.016	3.386	2.796	2.254	1.762	1.326	0.949	0.632	0.378	0.188	0.062	0.000	0.061	0.183	0.364	0.602	0.895	1.242	1.640	2.086	2.578	3.114	3.689	4.302	4.947	5.623	6.325	7.050	7.793	8.552	9.321	10.098	10.877	11.656	12.429	13.194	13.945	14.680	15.394	16.083	16.744	17.374	17.968	18.524	19.038	19.508	19.930	20.303	20.623	20.889	21.099	21.250	21.342	21.373	21.404	21.497	21.654	inf
inf	32.297	29.570	27.043	24.724	22.620	20.732	19.062	17.608	16.367	15.332	14.495	13.846	13.372	13.060	12.893	12.854	12.889	12.955	13.015	13.099	13.205	13.326	13.429	13.542	13.659	13.776	13.864	13.944	14.013	13.803	13.332	12.789	12.182	11.523	10.820	10.084	9.324	8.549	7.768	6.990	6.224	5.477	4.756	4.068	3.420	2.817	2.265	1.766	1.325	0.945	0.628	0.375	0.186	0.061	0.000	0.060	0.179	0.356	0.588	0.873	1.210	1.595	2.026	2.500	3.014	3.565	4.149	4.763	5.404	6.067	6.749	7.446	8.154	8.869	9.588	10.305	11.017	11.720	12.410	13.083	13.736	14.363	14.963	15.531	16.064	16.558	17.011	17.420	17.781	18.092	18.351	18.555	18.703	18.793	18.823	18.854	18.947	19.102	19.320	inf
inf	32.639	29.975	27.511	25.256	23.213	21.386	19.776	18.380	17.195	16.215	15.430	14.831	14.404	14.137	14.011	14.010	14.046	14.112	14.207	14.291	14.396	14.518	14.653	14.765	14.882	15.001	15.115	15.195	15.265	15.109	14.619	14.053	13.420	12.731	11.995	11.222	10.422	9.604	8.777	7.951	7.133	6.332	5.556	4.811	4.104	3.441	2.827	2.266	1.763	1.319	0.938	0.622	0.370	0.183	0.060	0.000	0.059	0.175	0.347	0.572	0.848	1.173	1.543	1.957	2.411	2.901	3.425	3.979	4.560	5.163	5.785	6.421	7.069	7.724	8.382	9.039	9.690	10.333	10.963	11.576	12.168	12.736	13.275	13.783	14.255	14.689	15.082	15.430	15.731	15.982	16.180	16.325	16.412	16.442	16.472	16.563	16.716	16.931	17.210	inf
inf	33.040	30.439	28.039	25.846	23.865	22.099	20.548	19.211	18.082	17.156	16.424	15.874	15.495	15.272	15.188	15.226	15.261	15.328	15.423	15.542	15.647	15.769	15.904	16.047	16.165	16.283	16.399	16.506	16.575	16.474	15.965	15.376	14.717	13.998	13.228	12.419	11.578	10.717	9.845	8.970	8.101	7.247	6.415	5.613	4.847	4.124	3.448	2.825	2.258	1.752	1.308	0.928	0.613	0.364	0.179	0.059	0.000	0.057	0.170	0.336	0.553	0.819	1.131	1.486	1.881	2.312	2.777	3.272	3.794	4.338	4.901	5.479	6.068	6.664	7.262	7.860	8.453	9.037	9.608	10.162	10.695	11.204	11.685	12.133	12.547	12.922	13.256	13.545	13.787	13.979	14.119	14.204	14.233	14.262	14.351	14.501	14.712	14.987	15.324	inf
inf	33.498	30.961	28.624	26.493	24.574	22.869	21.378	20.099	19.027	18.155	17.475	16.975	16.644	16.465	16.423	16.461	16.534	16.601	16.696	16.815	16.955	17.077	17.212	17.356	17.504	17.623	17.738	17.847	17.943	17.896	17.368	16.757	16.071	15.322	14.519	13.673	12.792	11.888	10.970	10.046	9.126	8.219	7.332	6.472	5.647	4.864	4.127	3.441	2.812	2.242	1.734	1.291	0.913	0.602	0.356	0.175	0.057	0.000	0.055	0.164	0.324	0.533	0.787	1.085	1.422	1.797	2.204	2.642	3.106	3.593	4.099	4.619	5.151	5.690	6.231	6.772	7.307	7.834	8.348	8.844	9.320	9.772	10.195	10.586	10.943	11.261	11.537	11.769	11.953	12.088	12.170	12.198	12.227	12.313	12.460	12.667	12.936	13.267	13.662	inf
inf	34.012	31.538	29.264	27.196	25.339	23.695	22.263	21.042	20.026	19.209	18.582	18.132	17.848	17.713	17.713	17.751	17.825	17.929	18.024	18.144	18.284	18.440	18.575	18.720	18.869	19.018	19.133	19.242	19.339	19.373	18.827	18.193	17.481	16.702	15.865	14.982	14.062	13.115	12.150	11.178	10.207	9.246	8.304	7.387	6.503	5.659	4.861	4.113	3.421	2.787	2.216	1.710	1.269	0.895	0.588	0.347	0.170	0.055	0.000	0.053	0.158	0.311	0.510	0.752	1.034	1.353	1.705	2.088	2.496	2.928	3.378	3.843	4.319	4.802	5.288	5.774	6.254	6.725	7.183	7.624	8.045	8.441	8.809	9.145	9.445	9.708	9.929	10.105	10.234	10.314	10.341	10.368	10.452	10.594	10.796	11.058	11.383	11.770	12.220	inf
inf	34.579	32.169	29.958	27.952	26.157	24.574	23.202	22.039	21.080	20.317	19.741	19.342	19.105	19.015	19.056	19.094	19.168	19.273	19.406	19.525	19.666	19.823	19.992	20.136	20.286	20.436	20.582	20.690	20.788	20.870	20.339	19.682	18.944	18.135	17.265	16.345	15.385	14.394	13.384	12.363	11.341	10.327	9.329	8.355	7.412	6.508	5.648	4.838	4.083	3.386	2.751	2.182	1.678	1.242	0.873	0.572	0.336	0.164	0.053	0.000	0.051	0.151	0.296	0.485	0.714	0.979	1.278	1.607	1.963	2.340	2.737	3.149	3.572	4.002	4.434	4.866	5.293	5.711	6.115	6.503	6.870	7.213	7.527	7.810	8.058	8.267	8.434	8.557	8.633	8.659	8.685	8.766	8.903	9.099	9.354	9.670	10.047	10.488	10.992	inf
